71.9,177.3,1
68.3,147,1
70.8,145.7,1
66.9,139.5,1
70.9,120.8,1
70.7,149.6,1
69.3,128.4,1
68.3,123.1,1
72,138.2,1
67.9,133.1,1
68,120.5,1
73.3,134.6,1
66.4,160.1,1
69.2,156.9,1
71.3,166.4,1
70.8,171.7,1
69.7,136.3,1
70.4,151.9,1
73.3,134.6,1
68.1,155.8,1
67,176.1,1
73.5,146.3,1
73.6,148.2,1
67.1,134.8,1
67.9,132.8,1
67.8,138.3,1
67,146.7,1
66.5,136.2,1
73,179.6,1
70.2,163.9,1
73.5,141.2,1
73.2,125.7,1
69.3,140.9,1
71.3,127.3,1
73.9,138.2,1
73.7,171.5,1
66.7,139.6,1
70.7,133.5,1
68.7,140.7,1
70.1,136.1,1
70.4,139,1
73.8,121.4,1
66,134,1
68.1,129.3,1
66.1,141.2,1
71.5,127.1,1
67.3,149.1,1
70.4,155.4,1
70.6,147.4,1
73.1,161.8,1
68.8,142.4,1
68.1,160.4,1
66.9,164.5,1
67.4,121.3,1
67.6,167.6,1
68.6,152.5,1
70.4,164.1,1
70.6,150.2,1
67.7,155.7,1
72.5,177.2,1
68.6,178.3,1
72.7,153.4,1
67.5,179.5,1
74,163.7,1
69.9,143.7,1
68.5,162.8,1
66.2,163.5,1
66.7,134.8,1
68.2,163.7,1
71.2,173.1,1
68.6,162.7,1
69.4,154.4,1
73.7,141.5,1
73.5,129.1,1
72.8,124.7,1
66,142.8,1
69.7,132.3,1
74,131.3,1
73.2,151.1,1
69.5,139.4,1
73.7,131.7,1
70.7,168.2,1
68.6,178.8,1
71.1,139.2,1
66.5,164.2,1
72.8,170.1,1
68.2,129.1,1
69.4,159.6,1
69.6,172.3,1
67.4,177.7,1
73,169.1,1
70.5,154,1
68.1,167.4,1
72.4,156.4,1
73.5,136.2,1
70.1,169.9,1
72.4,163.6,1
67.4,171.5,1
66.8,145.9,1
67.1,159.1,1
72.2,132.8,1
66.5,169.8,1
72.6,125.9,1
68.9,154.8,1
73.5,175,1
66.3,134.5,1
68.7,159,1
72,146.9,1
73.8,137.6,1
71.7,179,1
72.5,136.8,1
67,155.4,1
67.9,150.7,1
66,161.3,1
67.8,131.8,1
67.5,149.3,1
68.8,132.3,1
72.6,120.1,1
72.1,159.4,1
72.6,120.2,1
71.4,163.8,1
72.2,134.8,1
73.3,139.4,1
69.2,144.4,1
67.4,128.7,1
66.3,137.3,1
69.3,127.6,1
73.4,143.3,1
71.3,135.1,1
69.3,161.8,1
70.1,165.8,1
72.5,126.1,1
69,124.5,1
66.1,129,1
71,156.3,1
70.1,171.8,1
73.1,126.3,1
67.9,157.4,1
70,169.9,1
72.9,168.4,1
67.7,137.6,1
71.4,124.2,1
67.9,123.4,1
72,146.3,1
71.9,155.5,1
66.5,139.6,1
70.1,125.3,1
69,152.4,1
69.8,144.1,1
73.6,169.8,1
67.9,138.3,1
68.1,152.5,1
66.9,138.5,1
69.3,154.6,1
67.2,158.4,1
67.1,176.6,1
72.1,175.9,1
72.5,123.6,1
72.3,147.8,1
73.2,122.9,1
66,140.4,1
67.5,123.8,1
73.3,122.3,1
68.2,127.7,1
72.6,122.7,1
73.2,173.4,1
66.4,135,1
72.5,169.9,1
68.9,170.7,1
72.6,157.2,1
73,138,1
71.3,169.3,1
68.8,157.8,1
67.6,146.4,1
68.1,127.7,1
72.3,127.2,1
69.6,124.1,1
72.9,153.6,1
69.3,143.4,1
72.6,137.4,1
68.3,143.4,1
68.3,170.3,1
70.3,174.2,1
72.2,139.6,1
66.3,161.7,1
68,150.7,1
67.1,178.9,1
67,152.7,1
67.2,167.4,1
72.4,174.8,1
72.7,152.5,1
68.2,175.5,1
71.2,132.2,1
72.9,158,1
72.8,166,1
73.9,149.6,1
68.8,155.2,1
66.8,134.6,1
67.6,129.1,1
69.5,153.1,1
70.8,150.7,1
69.8,122.2,1
69.1,129.8,1
68,134.5,1
72.2,159.4,1
67.5,126.6,1
70.6,138.4,1
67.5,134.8,1
73.8,161.3,1
73.6,177.1,1
69.4,179,1
68.1,155,1
68.6,137.3,1
72.2,129.2,1
68.9,169.3,1
73.4,156.3,1
66.8,157.9,1
69.2,139.9,1
69.6,142.3,1
72,167.5,1
71.1,175.7,1
68.6,129.1,1
69.3,167.9,1
73.1,142.7,1
72,145.2,1
73.7,142.6,1
66.2,167.9,1
71.3,129.5,1
71.6,158.4,1
72.7,123.3,1
72.3,164.1,1
66.7,147.7,1
71,176.5,1
71.5,134.1,1
66.3,139.7,1
73.3,178.7,1
70.2,163.2,1
73.5,143.6,1
71.6,132.1,1
73.7,141.5,1
76.9,166.2,1
69,156,1
62.6,211.7,1
73.6,167.4,1
66.7,169.6,1
67.3,114.4,1
74.3,117.6,1
74.6,167.8,1
68.3,165.2,1
69.2,101.7,1
74.3,126.5,1
74.8,154.8,1
72.4,198.5,1
63.8,166.3,1
68.9,189.1,1
63.3,115.5,1
77.3,173.9,1
65.3,107.3,1
66,136.2,1
77,216.7,1
67.2,187.1,1
63.8,198.1,1
74,214.4,1
68.8,141.9,1
68.6,212.4,1
74.8,190.4,1
65.2,123.3,1
66.2,210.8,1
63.4,182.2,1
71.9,146,1
73,168,1
68.4,131.9,1
76.7,110.4,1
73.6,158.6,1
77.2,157.7,1
72.8,219,1
74,100.5,1
77,103,1
64.6,180.5,1
71.8,171.9,1
71.1,147.9,1
65.9,163.7,1
65.8,217.1,1
76.8,200,1
62.6,147,1
68.5,143.9,1
71.3,173.2,1
73.8,190.7,1
64.9,193,1
69.6,179.2,1
69.7,130.2,1
72.3,154.3,1
68.4,212.5,1
77.9,155,1
76.6,115.3,1
68.6,178.6,1
75.4,131,1
77.2,173.2,1
68.8,214.4,1
65.6,194.3,1
69.2,114.6,0
63.9,136.9,0
75.8,90.36,0
70.8,98.55,0
75,119.4,0
74.6,83.82,0
70.7,113.7,0
71.3,86.8,0
74.8,85.69,0
72.6,93.57,0
74.3,111.8,0
70.1,104.6,0
75.9,117.5,0
74.5,98.84,0
71.1,113.5,0
77,93.38,0
76.7,100.4,0
72,94.34,0
76.4,108.2,0
73.4,96.24,0
70.3,118.8,0
70.5,86.51,0
73.7,86.13,0
63.8,120.3,0
64.4,136.8,0
63.9,139.2,0
67.5,107.1,0
69.2,137.5,0
63.8,121.7,0
67.7,128,0
67.3,141.8,0
65.9,109.2,0
69.9,144,0
68.3,132.1,0
65.9,147.5,0
68.6,113.4,0
67.8,138,0
65.1,129,0
66.7,144.3,0
68.3,111.9,0
65.5,122.7,0
66.7,141.4,0
68.6,128.3,0
67.3,147.2,0
63.9,126,0
68.6,149.1,0
69.2,130.9,0
64.1,141.1,0
64.5,146.3,0
68.8,146.9,0
63.4,125.6,0
64.8,111.5,0
69.6,116.6,0
64.8,135.6,0
64.2,128.2,0
64.2,118.3,0
69,111.1,0
64.2,118.2,0
66.2,110.9,0
65.6,116.5,0
70,143.7,0
68.3,144.3,0
64.4,123.5,0
65.1,149.4,0
69,141.9,0
69.3,133.7,0
66,127.3,0
67.6,105,0
67.5,112.6,0
64.3,110.7,0
67.7,148.9,0
67.2,140,0
64.3,126.9,0
68,108.9,0
68.9,131.4,0
67.4,118.8,0
65,120.3,0
66.2,146,0
66.4,109.8,0
65.8,135.8,0
68.2,115.6,0
63.4,146.5,0
69.9,117.7,0
65,121.4,0
66.2,124.8,0
69.2,124.1,0
67.5,121.4,0
67,115.4,0
68.2,113.6,0
69.9,106.2,0
65.4,110.6,0
65.9,121.2,0
67.4,126.4,0
69.4,146.9,0
65.6,121,0
66.4,143.6,0
67.8,135,0
69.9,121.6,0
69.2,125.5,0
69.8,122.3,0
64.1,111.4,0
64.1,118.2,0
64.3,113.1,0
65.9,113.8,0
65.7,130.2,0
65.2,148.5,0
69.3,120.1,0
64.6,111.6,0
69.1,133,0
63.9,124.2,0
66.1,118.4,0
68.4,118,0
67.5,120.6,0
63.8,113.9,0
65.1,134.1,0
63.7,141.5,0
64.5,108.4,0
66.2,108,0
68.2,121.3,0
66.2,125.5,0
68.3,141.5,0
65.7,114.7,0
63.4,133.2,0
67.6,149,0
65.3,120.1,0
66.6,149,0
69.7,118.5,0
69.1,112.6,0
70,111.9,0
65.2,122.4,0
64.4,144.9,0
67.4,135.8,0
64.7,108.8,0
69.5,123.5,0
65.1,114.7,0
66.7,141.9,0
65.6,122.8,0
65.1,115,0
63.6,110.9,0
69.7,148.3,0
63,147,0
65.9,113.8,0
68.3,113,0
65.5,119.5,0
66.3,139.6,0
69.5,118.1,0
69.1,132.8,0
64.3,106.9,0
69.2,141,0
66.4,144.1,0
70,117.9,0
66.5,141.2,0
63.5,144.6,0
69.8,133.3,0
67,117.4,0
67.1,127.2,0
69.4,126.6,0
68.8,136.2,0
69.8,130.1,0
64.2,128.4,0
67.2,110.2,0
69.7,109.7,0
69.6,127.6,0
65.1,126.2,0
66.7,140.4,0
65.4,142.2,0
67.4,110.6,0
68.6,134.2,0
69.8,149.6,0
68.4,124.8,0
69.9,144.7,0
70,133.3,0
68.8,143.6,0
67.5,117.8,0
63.1,132,0
67.4,122.6,0
63.3,106.5,0
64.1,109.7,0
67.7,128.9,0
64,119.3,0
64.3,132.6,0
68,130.1,0
63,138.5,0
68.3,131.4,0
63.7,110.3,0
63.7,116.4,0
68.4,122.1,0
64.9,124.9,0
65.9,131.9,0
68.4,145.5,0
67.5,125.8,0
67.4,136.6,0
67,136.4,0
69.5,144.1,0
67.8,108.3,0
67.2,129,0
68,119.7,0
64.9,147.5,0
67.1,115.6,0
64.2,122.6,0
67.9,117.3,0
66.7,130.3,0
64.6,124.5,0
66.5,133,0
64.3,130,0
65.3,137.7,0
67.7,126.6,0
67.9,122.9,0
66.4,121.3,0
66.1,134.9,0
67.4,130.2,0
64.4,113.3,0
67,119.1,0
64.7,114.4,0
64.5,110.7,0
65.6,137,0
64.7,116,0
65.2,132.7,0
67.3,139.1,0
67,113.8,0
64.5,134.5,0
65,114.3,0
64.6,131.5,0
67.4,127.2,0
66.7,135.7,0
66.9,116.4,0
67.9,135.2,0
65.6,135.3,0
64.6,125.7,0
67.9,130.6,0
68,119.5,0
65.8,128.1,0
65.8,117.4,0
65.6,120.6,0
64.4,136.3,0
65.5,116.7,0
64.4,110.3,0
65.9,110.5,0
65.8,137,0
66.6,132.6,0
67.1,219.4,0
58.5,159.1,0
59.4,195.3,0
69.3,188.1,0
65.4,124.9,0
61.7,211.9,0
69,105.7,0
68.5,164.7,0
61.1,100.6,0
65.4,143.5,0
67.8,195.4,0
64,193.2,0
63.7,187.4,0
62.8,215.4,0
67.2,198.9,0
62.2,124.8,0
63.9,143.3,0
63.3,141.2,0
63,132,0
62.6,151.5,0
69,86.2,0
68.6,174.6,0
62,193.3,0
65.8,107.1,0
69,178.6,0
62.3,178.7,0
62.7,203.8,0
67.7,122.8,0
67.4,216.9,0
59.7,132,0
64.2,206.9,0
69.2,196.6,0
67,97.92,0
60.2,106.2,0
62.5,125.8,0
61.2,105,0
65,140.5,0
69,84.23,0
64.3,164.3,0
59.3,215.8,0
62.8,190.6,0
69.9,198.4,0
69.1,207.5,0
58.7,179.8,0
66.8,141.4,0
67,182.3,0
59.7,133,0
61.1,141.3,0
66.6,147.8,0
59.5,80.54,0
63.7,107,0
66.2,178.3,0
58.5,210.7,0
60.2,83.53,0
66.2,165.6,0
59,189.6,0
69.6,185.2,0
62.8,176.3,0
63.1,186.8,0
64.1,205.9,0
64.8,114.4,1
65.8,116.5,1
63.7,103.9,1
63.4,115.8,1
64.6,115.3,1
65.5,105.2,1
64.6,100.2,1
64.4,103.9,1
63.6,103.9,1
65.9,105.5,1
64,101,1
65.9,108.5,1
63.4,112.4,1
65.4,119.1,1
65.7,110.8,1
65.7,116.3,1
65.7,100.7,1
63.5,113.8,1
63.5,100.2,1
63.4,117.3,1
64.1,105.3,1
63.5,105.1,1
64.8,105.7,1
64.9,118.7,1
65.3,105.4,1
63.7,104,1
63.2,104.1,1
65.4,119.8,1
63.4,106.9,1
64.3,106.4,1
76.6,215.3,1
77.6,191.6,1
77.8,197.7,1
77.5,215.2,1
77.6,185.4,1
74.7,187,1
76.2,201.8,1
77.2,207.5,1
75,219.2,1
76.1,212.5,1
76.4,189.8,1
75.3,190.9,1
75,195.3,1
75.3,203,1
77.5,193.9,1
75.3,202.1,1
77,215.7,1
74.1,204.9,1
76.2,215.4,1
76.4,194.4,1
75.3,215.7,1
76.1,212.7,1
74.2,186,1
78,192.6,1
76.4,203.8,1
74.9,192.9,1
77.3,182.4,1
75,199.7,1
76.4,182.2,1
76.1,209.8,1
61.7,104.3,0
59,108,0
61.5,95.37,0
63.1,84.21,0
59.5,89.53,0
62.3,102.4,0
63.8,92.25,0
59.1,89.56,0
63.2,98.35,0
59.2,90.78,0
60.2,94.85,0
59.5,97.56,0
62.1,90.87,0
61.3,97.81,0
62.8,82.07,0
62.8,106.3,0
59.9,95.89,0
60,109.6,0
61.5,90.78,0
59.9,90.4,0
61.9,95.11,0
63.9,82.49,0
60.8,102.7,0
61.4,87.68,0
59.5,95.94,0
59.6,96.7,0
61.2,106.3,0
63.4,108.5,0
62.1,82.55,0
60.8,92.41,0
71.6,145.5,0
68.1,153,0
71.1,132.5,0
69.5,127.9,0
71,117.8,0
69.8,156.2,0
68.3,133.8,0
68.8,118.2,0
68.1,117.2,0
69.3,146.4,0
70.7,131.1,0
71.4,121.1,0
71,134,0
71.3,146.2,0
69.2,134.1,0
71.8,145.8,0
70.9,137.6,0
70,128,0
69.2,129.4,0
68.4,149.7,0
71.7,120.4,0
71.8,120.9,0
70.2,146.9,0
71.1,131,0
71.6,142.5,0
70.5,142.2,0
69.1,151.2,0
70.4,143.7,0
71.7,111.1,0
68.1,128.2,0
65.1,150.6,0
69,172,1
62.8,177.1,0
74.3,111.5,1
70.6,139.7,0
72.3,167.6,0
65.7,187.9,1
66.5,114.3,1
63.7,128.7,0
65.8,132.4,1
62.7,204.7,1
72.8,171.1,0
69.6,123.5,0
62,191.5,1
63.5,135.2,1
76.7,164.3,1
71.8,102.3,1
66.3,151.1,0
68.3,171.1,1
69.5,124.3,0
70.2,131.8,0
64.4,135.9,0
62.7,197.9,0
67,137,1
75.8,159.1,0
72.9,171.4,1
67.4,113.9,1
63,117.7,0
76.6,162.8,0
75.4,149.3,0
74.2,178.4,1
71.6,102.8,1
63.8,189.9,0
72.3,202.7,1
77.3,161.1,1
72.6,216,0
68.9,101.8,1
72,167.1,1
72.9,214.7,0
72.9,128.9,1
68,115,1
64.4,104.9,0
70.7,160.7,0
64.9,176.2,1
74.6,170.3,0
63.3,193.3,1
77.4,103.9,0
65.9,141.5,0
74.6,155.4,0
70.2,175.8,0
75.5,109.1,1
76.5,182.3,1
73.3,126.2,0
68.5,102.9,0
73,195.6,1
65.4,215.9,0
63.9,145.6,1
75.8,145.5,1
66.5,104.3,1
70.4,120.2,1
66.3,174.3,0
62.6,178.1,1
71.7,194.8,0
70.9,172.7,1
71.2,109.6,1
67.1,174.1,1
70.7,137.4,1
74.8,145.1,0
69.5,171.2,1
64.9,192.6,1
63.7,217.8,0
67.6,103.3,0
70.2,199.5,0
72.7,128.4,1
74.6,185.8,1
69.7,200.3,1
65.9,159.3,0
76.5,131.8,1
64.1,138.3,1
71.8,127.5,1
65,142.3,0
68,136.2,1
66.3,157.8,1
70.3,119.8,1
74.3,154.7,1
74.9,124.7,1
75,130.3,1
74.6,149.1,0
63.7,133.8,0
73.1,148.3,1
73.4,149.1,1
63.7,213.2,0
72.6,112.9,1
74.5,210.8,1
68.6,107.9,1
65,163,0
66.1,138.4,0
77.2,137,0
73,189.5,1
68.7,194.1,0
