70.3,153.1,3.1,25
73.4,147.7,3.8,22
71.6,140.4,3.1,24
68.3,175,3.4,18
73.8,152.6,3.9,18
66,153.5,3.3,20
71.4,142.2,3.9,21
71.3,174.8,3.1,21
68.9,146.1,3.1,19
71.7,127.5,3.1,25
66.1,158.7,3.3,22
71.6,153.9,4,22
68.7,141.3,3.7,20
66.9,143.7,3.8,19
72.5,120.1,3.6,20
68.5,158.8,3.2,18
70.4,162,3.8,20
71.4,153,3.9,20
72.7,139.3,4,22
67.8,140.3,3.8,23
70.2,160.8,3.8,25
69.5,142.5,3.3,22
68.8,136.4,4,21
71.2,135.5,3.8,24
70.5,146.4,3.4,21
67.5,138.5,3.5,23
68.3,127.8,3.1,18
71,138.6,3.9,22
70.5,157.8,3.9,21
66.6,164.4,3.6,21
73,168.9,3.1,22
71.1,159.9,3.2,20
69.1,140.5,3,19
67,178.2,3.8,18
68,128.7,3.4,23
69.5,149.6,3.6,24
70,149,3.3,25
71.1,127.9,3.9,19
68.4,178.4,3,24
66.1,150,3.4,18
68.7,135.6,3.4,22
68.5,138.4,3.7,20
67.6,146.6,3.6,18
73.5,139.5,3.1,25
70.3,141.7,3,25
71.8,151.5,3.8,18
66.3,149.3,3.6,21
72.4,150.6,3.8,25
71.7,159.9,3.4,24
72.2,155.9,3.5,22
67.2,165.4,3.2,19
72.8,131.2,3.7,18
66.6,160.8,3.5,25
71.9,156.4,3.8,20
71,142.7,3.1,22
71.6,153.4,3.1,23
67.9,136.7,3.2,23
70.9,121.8,3.1,24
69.5,127.3,3.9,18
66.3,160.6,3.8,18
66.2,125.8,3.5,24
73,170.6,3.1,23
72,172.2,3.6,22
69.2,149.1,3.8,20
73.8,166.8,3.4,24
68.9,141.3,3.8,20
68.4,136.9,3.7,25
67.7,143.7,3.1,23
72.5,128.7,3.1,21
73.3,151.3,4,19
70.2,162.3,3.1,25
66.2,125.8,3.7,20
69.3,135.5,3.3,24
71.8,162.2,3.3,19
70,137.1,3.2,22
73,158,4,25
72.8,168.4,3.9,25
71.1,143.5,3,18
72.1,177.7,3.8,22
69.3,141.5,3.2,21
67.8,123.1,3.9,21
71.6,170.7,3,25
73.3,121.3,3.6,19
71.4,168.5,4,21
68.5,166.5,3.3,23
67.3,127.9,3.5,22
67.1,178,4,22
68.8,146.3,3.4,25
73.7,171.6,3.7,23
66.4,173.2,3.1,23
72.8,130.1,3.5,25
73.1,158.1,3.7,22
68,172.8,3.1,21
67.7,169.6,3.6,25
69.7,140.7,3.1,21
67.7,167.6,3.1,25
69.8,128.3,3.1,18
71,179.1,3.2,21
69.1,163.1,3.4,20
68.8,172.9,3.5,20
68.9,169.9,3.6,22
69.9,163.9,3.2,21
73.1,132.6,3.6,25
67.1,121.6,3.4,19
67,154.1,3.4,18
71.2,144.9,3.9,25
71.9,146.5,3.1,19
66.3,150.2,3.7,19
66,142.1,3.3,22
68.1,159.5,4,25
68.2,160,3.6,20
68.4,163.4,3.5,20
69.1,168,3.5,19
69.5,137.6,3.3,21
73,145.2,3.4,25
71.9,148.6,3.9,19
69.4,120.6,3.4,19
72.3,170.1,3.2,23
71.9,130,3.3,19
68.1,165.7,3.9,24
71.2,147.1,3.3,18
73.3,145.6,3.8,21
66.3,173.3,3.1,24
68.5,140.7,3.1,19
67.2,173.9,3.7,20
70.8,121.9,3.3,20
72.4,126.7,3,20
67.2,151.7,3.8,21
69.7,171.6,3.9,22
67.5,140.6,3.3,22
71.7,138.9,3.5,18
71.1,120.1,3.9,19
72,136.6,3.8,22
69.8,125.9,3.2,24
67.6,156.3,3.8,19
68,168.2,3.6,22
74,179.8,3.4,19
66,165,3.7,18
73.2,136.8,3.4,24
68.5,139.6,3.2,25
72.9,152.8,3.5,23
71.2,131.9,3.1,20
66.6,139.5,3.2,19
67,129.1,3,20
70.2,124.8,3.4,18
69.2,142.5,3,23
72.5,161.9,3.6,21
74,161,3.2,22
69.4,160.6,3.7,25
70.2,131.9,3.3,19
67.9,132,3.8,19
70.1,176.1,3.4,25
71.4,132.9,3.2,19
71.2,178.7,3.9,24
73.5,156.9,3.6,19
67.6,148.3,3.8,21
73.8,126.2,3.1,23
73.7,139,3.4,24
66.8,129.6,3.6,25
66.3,159.5,3.8,18
68.4,134.8,3,24
68.5,164.5,3.9,23
73.9,165.8,3.5,18
70,149.9,3.1,19
70.5,147.4,3.8,21
69.1,122.5,3.3,19
70.5,128.1,3.3,22
68,149.5,4,19
72.3,136.5,3.5,23
66.3,153,3.7,23
67.9,153,3.8,24
73.8,163.5,3.5,20
68.9,148.6,3,19
73,123.2,3.8,23
70,123.7,3.1,24
70.6,143.1,3.7,25
73.6,138.1,3.4,23
68.8,156.2,3.6,21
73.9,151.7,3.6,18
66.2,151,3.6,18
71.8,146.4,3.7,25
67.7,179.2,3.5,24
69.1,175.2,3.9,21
69.5,177.3,3.2,22
67.3,164.8,3.5,20
72.4,144.8,3.8,23
67.8,141,3.6,21
66.7,165.7,3.9,22
70.4,145.8,4,20
70.1,143.6,3,21
67.3,148.1,3.8,24
68.2,141.5,3.3,25
73,168.4,3.6,25
66.2,150.2,3.4,18
66.7,127.5,3.7,22
73.1,126.7,3.9,23
68.2,153.4,3.4,22
71.6,169.8,3.5,19
70.3,138.2,3.8,21
69.4,141.9,3.4,19
73.8,158.5,3.2,19
67.9,138.3,3.8,23
66,130.2,3,22
67.7,126.5,3.3,18
72.5,173.2,3,24
71.5,144.5,3.9,21
67.3,177.2,3.6,21
68.1,175.3,3.9,24
70.9,166.2,3,25
71.7,129,3.2,20
68.4,153.3,3.1,21
66.1,179,3,22
73.8,148.7,3.3,24
69.2,145.7,3.9,23
67.2,144.2,3.5,19
72.2,123.9,3.2,20
67.9,180,3.7,21
69,179.8,3.6,21
69.7,127.5,3.5,21
71.4,152.3,3.7,22
66.8,162.9,3.2,21
70.3,139.4,3.1,21
70.4,135.3,3.8,18
73.3,169.9,3.4,18
69.9,179.4,3.6,24
68.6,156.7,3.2,23
73,169.8,3.4,23
68.7,153.4,3.9,19
69.3,169,3,21
73.1,160.5,3.9,25
73.9,130.2,4,21
71.4,126.2,3,25
73.8,143.7,3.5,23
69.2,126.6,3.9,19
67.2,140.1,3.3,25
69.5,135.9,3.4,22
68.7,120.5,3,18
73.2,166.3,3.8,24
68.4,135.9,3.4,24
70.3,130.9,3.4,22
71.6,133,3.4,21
69.7,133,3.2,19
71.6,156.7,3.8,24
72.9,162.8,3.6,21
73.7,129.9,3.1,20
66.6,146.3,3.9,25
66.9,154.2,3.4,23
69.3,125.8,3.9,19
66.6,176.1,4,25
68.5,164.3,3.6,23
68.1,155.9,3.5,23
70,169.1,3.7,20
73.2,159.6,3.1,18
72.7,134.7,3,24
68.7,168.1,3.7,25
66,159.5,3.1,19
73.8,140.2,3.2,22
66.7,172.4,3.9,18
67,133.4,3.5,25
71.1,124.2,4,20
67.7,144.5,3.7,25
69,127.6,3.3,21
73.2,155.5,3.6,18
67.8,126.8,3.8,19
66.7,159.3,3.5,19
66.6,133.1,3.6,21
68.5,131.9,3.1,20
72.2,176.6,3.4,18
71.4,120.8,3.6,18
69,121.3,3.4,25
67.7,130.1,3.8,18
67,126.6,3.3,23
69.2,179.8,3.1,22
66.8,125.3,3.4,23
73,130,3.4,23
70.2,148.8,3.4,18
72.7,145.4,3.9,24
70.9,179.3,3.2,25
67.5,162.1,3.3,19
68.7,177.7,3.6,18
66.9,167.8,3.2,22
73.5,150.7,3,22
68.3,155.8,4,22
69.4,136.2,3.9,20
72,170.8,3.4,19
73.6,176.8,4,19
66.1,137.4,3.6,23
66.7,138.1,3.2,20
69.8,161.6,3.5,18
73.7,156.6,3.7,23
71.1,159.2,3.5,25
69,167.4,3.8,23
68.7,127.5,3.9,20
68.2,131.2,3,25
71.7,162.4,3.5,23
66.1,177.2,3.9,22
73.7,140.7,3.5,21
70.1,166.8,3.7,23
68,155.4,3,19
73.5,144.7,3.1,22
64.5,129,3.1,19
65.2,114,3.5,21
65.9,138.1,3.3,22
65.5,119.6,3.2,21
65.3,126.8,3.9,23
66.9,124.3,4,18
66.7,111.1,3.3,23
64.4,114.7,3.8,19
66.3,124.5,3.9,23
64.9,137.9,3.8,20
67.6,138.4,3,22
67.3,130.5,3.1,18
65.8,113.9,3.6,22
65.9,113.2,3.9,25
67.4,120.7,3.8,25
67.6,110.6,3,24
67.3,112,3.7,25
64.4,124.5,3.4,19
64.4,129.4,3.4,20
67.6,130.5,3.4,21
66.7,110.9,3.4,24
64.7,120.1,3.4,18
67.9,110.9,3.9,19
67.7,120,3.8,24
64.6,136.4,3.5,24
66.3,112.2,3.4,25
67.5,138.1,3.2,22
67.7,130.3,3.7,21
64.7,137.6,3.6,22
65.8,120.1,3.4,21
66,110.6,3.7,22
67.2,117.3,3.6,22
65.2,138.6,3.9,24
66.2,138.4,3.5,18
66.3,124.2,3.3,20
67.6,120.2,3.9,18
67.7,135.6,3.3,18
65.9,136.2,3.2,21
64,117.3,3.4,24
64.2,121.3,3.6,21
66.1,127.7,3.6,23
67.9,124.8,3.9,25
65.7,112.1,3.9,23
66.1,118.5,3.8,21
65.4,128.5,3.3,22
66.3,139.7,3.3,24
65.1,120.9,3.7,20
65.5,118.8,3.7,18
65.1,118,3.7,20
64.6,120.6,3.7,25
65.8,115.6,3,21
64.8,139.6,3,21
65.5,130.7,3.9,25
65.5,114,4,22
64.4,120.7,3.2,24
65.5,116.5,3.9,18
64.4,128.3,3.4,20
67.8,127.1,3.2,22
66.2,124.5,3.4,21
64.9,127.4,4,24
67.3,130.7,4,22
67.5,112.7,3.9,25
64.5,124.3,3.8,22
64.8,115.4,3.5,24
66.1,125,3.1,23
66.8,119.5,3.2,18
65.7,137.6,3.2,23
67.7,128.9,3.7,23
64.1,111.5,3.4,21
64.7,135.8,3.2,19
65.2,114.3,3,18
65.8,123.2,3.6,22
67.9,110.2,3.3,24
65.7,123.1,3.3,19
65.6,114.3,3.3,21
64.7,125.6,3.3,20
65.8,127,3.2,25
65.1,113.9,3.6,20
64.1,136,3.6,20
67.9,114.9,4,20
67,133.4,3.6,21
67.1,124.1,3.4,23
65.7,115.8,3.9,24
67.2,138.9,3.2,23
64.5,139.9,3.9,19
65.8,133,3,24
64.1,115.1,3.7,19
64.7,129.5,3.9,24
65.4,138.2,3.3,22
65.7,119.7,3.7,18
64.1,121.5,3.7,23
64.4,139,3.5,24
66.8,135.5,3.1,20
66.9,126.4,3.5,20
65,130.8,4,25
66.3,121.6,3.5,23
65.7,121.7,3.2,25
64.6,111.6,3.1,21
64.1,126.9,3.5,25
66.6,130,3.2,22
64.5,125.6,3.1,23
65.3,123.7,3.6,20
66,127,3.9,22
67.7,113.9,3.6,18
64.8,135.8,3.7,25
66.3,116.4,3.5,23
64.3,116.5,3.7,24
64.2,116.2,3.1,20
67.6,139.2,3.9,20
66.8,136.6,3.3,24
64.2,125.4,3.9,18
64.8,126.8,3.4,19
64.8,117.3,4,23
67.4,119.9,3.1,21
64.9,128.4,3.3,20
66.7,110.9,3.3,19
66.7,137.7,3.4,20
67.5,125.1,3.1,19
65.5,128.7,3.9,19
67.6,126.3,3.5,22
67.7,117.9,3.5,19
66.7,124.5,3.3,18
65.1,131.4,3.4,21
67.2,138.2,3.4,23
66.6,119.6,3.8,25
66.5,133.8,3.3,24
64.2,124.3,3,19
64.6,130.7,3.3,24
67.1,122.8,3.5,23
65.4,116.9,3.8,24
66.3,110.9,3.9,20
67.8,138.6,4,19
67.3,112.3,3.7,19
65.8,125.2,3.6,24
66.3,114.3,3.7,24
65.9,135,3.1,18
65.2,135.8,3.8,20
64.4,128.6,3.1,25
66.2,119.4,3,24
66.5,115.3,3.4,19
64.5,114.6,3.7,23
65.7,124.9,3.1,25
64.7,130.7,3.5,20
65.2,112.1,3.6,23
67.3,138,3.7,21
67.9,123.3,3,18
66.1,134.5,3.8,23
66,114.4,3.5,21
67,133.9,3.9,20
65.5,117,3.4,23
66.5,135,3.3,21
64.8,139.1,3.7,21
64.4,112.5,3.1,20
65.8,137.9,3.6,21
64.6,121.3,3.2,22
67.9,127.6,3,24
66.5,128.4,3.1,24
66,130.9,3.7,20
66.3,132,3.6,22
64.2,126.2,3.6,23
65.3,124.5,3.9,21
67.3,116.2,3,25
66.5,129,3.4,20
66,133.7,4,21
64.7,121.6,3.6,19
65.6,138.2,3.9,19
66.5,129.8,3.7,21
64.6,111.5,3.7,18
66.2,137.7,3.5,19
66.3,117.1,3,25
65.3,120.2,3.3,20
64.3,130,3.6,22
65.6,122.8,3.2,22
66.6,128,3.3,19
66.6,113.3,3.7,23
64.3,139.6,3.7,23
64.5,117.8,3.8,24
67,136,3.2,23
67.2,131.8,3.4,22
67.9,115.7,3.4,21
64.4,113.4,3.9,21
65.5,114.9,3.9,24
66.1,118.3,3.2,20
66.5,123.7,3.7,21
65.9,114.9,3.1,19
67.6,132.9,3.8,19
66.9,117,3.2,23
67.5,133.5,3.5,19
64.6,113.2,3.1,21
64.8,117.7,3.2,24
67,115.1,4,23
67,132,3.2,23
64.3,111.1,3.2,25
65.1,117.1,3.8,24
66,114.5,3.2,25
67.9,114.6,4,24
66.2,139.3,3.7,24
67.7,127.1,4,22
66.7,137.6,3.7,25
67.2,123.5,3.5,21
66.4,127.7,3.3,25
65.9,121.3,3.2,25
66.2,116.1,3.9,21
65.5,129.4,3.1,23
64.4,123.9,3.1,21
64.9,135,3.4,21
64.2,126.4,3.4,25
67.1,127.8,3.7,24
64.7,125,3.9,23
67.7,129.9,3,23
66.4,113.1,3.1,21
64.1,131,3.3,24
66.2,130.5,3.3,20
65.1,118.5,3.6,19
67.2,139.1,3.1,19
67.1,126.4,3.7,20
64.5,138.2,3.5,19
64.5,134.9,3.4,19
65.5,134.9,3.5,22
64.4,117,3,21
66.6,129.4,3.4,19
66.4,118.6,3.8,19
65.8,128.2,3.7,23
64.6,123.8,3.3,19
65,119.7,3.3,19
64.3,134.9,3.8,25
66.3,123.1,3.8,23
65.2,125,3.7,25
67.1,110.2,4,25
64.4,130.7,3.6,25
66.4,134.1,3.2,18
67.8,136.5,3.8,21
64.4,126.6,3.7,20
67,129.4,3.4,24
66.1,134.9,3.9,23
66.5,123.2,3.1,20
65.2,124.8,3.3,18
67.6,117.4,3.3,25
65.1,114,3.6,25
66.2,128.3,3.7,25
66.7,136.3,3.7,24
67.7,114.4,3.4,20
66.6,133.2,3.1,24
64.6,119.5,3.8,22
66.2,139.2,3.6,23
67.5,123.7,3.8,25
66.1,131,3.4,22
64.2,127.6,3.2,22
66.1,110.1,3.9,22
67.8,117.3,3.5,21
65.5,113.8,3.8,20
67,122.8,3.5,21
66.1,122.6,3.1,23
64.5,123.2,3.5,18
64.8,112.7,3.2,25
65.9,115.5,3.7,25
65.7,112,3.6,19
67.8,115.4,3.3,24
66,131.4,3.7,19
67.2,123.2,3.8,22
64.6,139.7,3.6,25
65.3,117.1,3.1,25
65.7,121.2,3.8,19
67.7,122,3.7,19
67.1,139.3,3.4,21
65.4,138.6,3.9,19
65.7,130.5,3,20
65.6,134,3.1,18
65.6,136.8,3.6,21
65.2,135.2,3.9,19
67.8,139.5,3.9,18
66.9,114.9,3.4,22
66,122.1,3.8,20
64.4,125.3,3.4,21
66.7,124.1,3.1,19
65.8,133.5,3.8,23
66.8,133.6,3.3,20
66.9,129.7,4,23
64.1,137.8,3.4,18
65.8,135.1,3.2,22
66.8,130,3.8,22
66.7,113.6,3.6,24
65.5,139,3.3,23
64.2,126.5,3.5,25
65.8,135.5,3.8,21
67,110.5,3.2,19
67.4,132.1,3.3,19
65.8,110.6,3.1,21
67.8,116.7,3.4,21
66,130.9,3.4,19
67.9,127,3.7,19
67.2,110.9,3.3,19
67.5,114.6,3.2,23
67.2,126.4,3.2,23
64.1,134.2,3.3,20
66.2,128.9,3.8,21
65.3,122.6,3.1,22
65.8,120.3,3.7,20
64,126.7,3.6,21
64.4,132.1,3.9,19
65.4,107.7,3.9,18
65.9,116.7,3.1,25
65,109.2,3.3,18
63.5,108.2,3.3,22
64.2,112.7,3.2,23
63.8,103.1,3.4,18
63.7,106.9,3.4,25
63.6,113.4,3.5,20
63.4,109.9,3.1,21
63.6,109.3,4,19
64.3,113,3.8,19
63.8,100.2,3.3,22
64,104.1,3.4,21
63.3,101.9,3.2,21
64.8,111.7,3.5,22
63.7,110.1,3,22
63.9,102,3.5,22
65.4,104.4,3.9,23
64.7,104,3.7,24
65.4,106.8,3.2,18
65.3,113.8,4,21
63.2,115,4,25
63.3,115.1,3.8,19
65.2,110.9,3.3,23
64.1,105.5,3.9,18
64.3,116.1,3.6,22
64.8,102.4,3.8,21
63.2,102.2,3.7,18
65.8,102.2,3,18
64.6,100.8,3.2,21
75.5,210.4,3.7,25
76.9,214.4,3.2,21
75.5,204.2,3.9,19
77.8,215.7,3.2,24
77.4,194.8,3,23
76.9,181.8,4,22
77.2,192.4,3.1,22
76.3,211.2,3.3,23
74.1,199,3.2,20
74.7,181.3,3.4,18
76.8,211.7,3.5,19
77.8,217.9,3.9,18
74.4,188.8,3.9,25
76.3,198.7,3,25
74.3,211.3,3.6,22
74.8,217.8,3.1,20
75.1,189.2,3.2,24
77.8,186.6,3.4,23
76.1,215.8,3.7,23
75,202.9,3.5,19
76.7,205.1,4,18
78,208.4,3.4,23
75.6,207.5,3.4,21
75.2,183.4,3.4,22
74.7,183.3,3.1,22
76.6,181.5,3.3,24
76.3,184.2,3.9,19
75.7,186.6,3.8,19
75.3,196.4,3.4,24
77.5,198.3,3.3,23
60.6,103.2,3.7,23
59.8,81.76,3.6,20
61.5,92.81,3.4,19
59.6,80.27,3.5,21
61.2,84.94,3.6,24
62.2,109.2,3.2,25
59.1,83.24,3,18
59.4,90.21,4,20
63.7,92.55,3.9,19
63.1,82.36,3.5,18
61.9,88.21,3.9,20
63.3,108.9,3.5,22
61.5,82.28,3.9,23
61.4,80.11,3.2,24
61,91.64,3.8,25
63.2,84.99,3.9,23
61.7,88.06,3.1,18
60.6,99.16,3.9,18
60,93.49,3.1,23
63.6,97.87,3.3,23
59.8,102.4,3.9,19
63.2,85.07,3.6,23
62.8,87.15,3.6,24
60.6,93.69,3.6,19
63.6,99.02,3.4,19
63.5,81.8,3.5,18
60.2,89.37,3.6,25
59.6,104.8,3.6,24
61.4,90.36,3.1,20
60.1,107.8,3.4,20
69,135.5,3.6,24
71.4,113.2,4,19
69.9,127.2,3.4,21
68.4,130.3,3.4,21
69.9,136.2,3.1,22
71.8,122.9,3.9,24
71.5,150.6,3.7,23
68.1,143.2,3.8,24
69.4,139.2,3.4,21
69.9,125.6,3.8,20
70,157.2,3.6,25
71.5,116.8,3.1,21
69.7,148.6,3.9,25
70.6,126,3.7,22
69.5,147.3,3.2,18
68.9,154.8,3.9,23
68,123.5,3.6,20
71.7,119.6,3.1,18
68.8,114.4,4,21
71.7,116.3,3.7,18
71.6,150.4,3.8,23
70.7,138.8,3.9,23
71.1,136.2,3.2,21
71.9,126.4,3,19
69,136,4,21
68.2,156.6,3.5,25
68.2,115.8,3.6,24
70.7,115.6,3.2,19
69.9,155.1,3.9,24
68.4,138.7,3.2,18
