70.7,139.2,25
68.1,146.8,22
72.3,173.7,24
72.2,154.5,18
69.8,174.3,18
67.4,126.6,20
66.7,159.3,21
68.4,168,21
73.1,150.3,19
66.6,179.3,25
72.5,175.2,22
71.2,154.9,22
73.3,150.8,20
68,163.7,19
71.4,122.7,20
73.1,160.6,18
72.9,120,20
71.9,178.8,20
70.8,158.6,22
73.4,142.1,23
71.6,122.6,25
69.1,150.7,22
73.4,161.1,21
69.4,173.8,24
69.6,165,21
73.1,179.2,23
73.8,149.4,18
73.7,130.8,22
68.8,124.9,21
71.2,134.3,21
67,149.8,22
73,122.1,20
67.1,135.9,19
72.6,175.2,18
66.2,120.6,23
72.9,140.4,24
66.7,177.5,25
68.4,175.8,19
72.3,141.5,24
69.6,153.3,18
70.7,125.6,22
67.1,141,20
70.3,145.6,18
68.9,174.7,25
69.4,123,25
67.1,164.5,18
69.7,177.9,21
73.3,128.1,25
70.2,136.2,24
67.9,145.2,22
66,165.2,19
68.4,127.4,18
71,177.7,25
72.7,149.5,20
69.5,156.9,22
73,166.1,23
68.2,158.4,23
73.4,163.9,24
70.1,170.3,18
73.6,169.4,18
67,175,24
69.9,173.9,23
68.8,155.6,22
69.7,175.9,20
68.1,150.6,24
71.8,146.1,20
71.5,135.6,25
69.1,173.8,23
70.4,135.8,21
69.6,163.7,19
67,138.9,25
69.7,176.7,20
69.4,160.9,24
67.6,179.5,19
70.7,147.8,22
67,121.1,25
67.5,159.3,25
68.5,135.6,18
68.3,177.5,22
73.5,141.6,21
70.7,159,21
71.3,131.6,25
67.3,178.5,19
67.5,173.3,21
68.7,121.8,23
66.3,167.2,22
68.5,160.6,22
69.1,178.8,25
72.1,138.6,23
67,148.9,23
67.6,144.7,25
66.4,123.3,22
66.9,154.5,21
69.7,169.3,25
72.6,139.2,21
69.5,168.2,25
68.4,161.3,18
67.9,152.9,21
66.8,129.8,20
71.1,152.4,20
69.9,174.5,22
66.8,148,21
69.2,153.6,25
68.9,120.1,19
71.2,143.6,18
72.1,132.2,25
68.5,136.5,19
70.8,160.7,19
73.5,158.5,22
70.5,129.9,25
72,123.1,20
68.8,172.9,20
66.3,144.1,19
68.5,176.4,21
68.4,128.2,25
71.5,121.8,19
66.2,134.7,19
72.4,132.3,23
67,178.9,19
69.6,142.8,24
71.6,157.7,18
67.1,165.1,21
73.6,136.5,24
70,144.6,19
69.1,151.3,20
68.7,138.5,20
72.9,128.6,20
66.9,144.1,21
66.1,153.4,22
69.1,131.5,22
72.4,155,18
68.1,128.2,19
71.2,161.9,22
66.4,166.2,24
68.5,141.1,19
72.5,172.8,22
69.6,132.3,19
72.5,177.5,18
73.2,148.3,24
67.5,127.9,25
72.6,129.1,23
68.3,127.9,20
71.1,129.4,19
67.9,178.1,20
66.8,149.7,18
70.3,129.1,23
70.8,179.7,21
73.8,165.6,22
69.8,157.3,25
68.6,148.1,19
68.9,128.7,19
66.7,179.2,25
72.3,139.8,19
69.7,141.2,24
72.2,179.3,19
67.6,148.8,21
66.4,131.4,23
73.7,154.3,24
71.4,135,25
67.1,130.1,18
73,158.7,24
71.3,164.9,23
67.1,139.3,18
73.9,171.8,19
73.7,166.7,21
69,153,19
71.5,136.8,22
73.4,151.2,19
71,166.4,23
67.2,150.2,23
71.7,164.3,24
66.6,153.7,20
72.9,149,19
66.2,143.9,23
68.9,136.5,24
71,143.5,25
67.4,168.8,23
73,162.6,21
70.7,123.1,18
72.8,172.8,18
67.3,170.4,25
73.2,149.5,24
68.6,126.6,21
70.9,158.6,22
67.4,128.6,20
73.4,138.4,23
69.3,143.2,21
68.5,132.5,22
69.3,179.9,20
67.4,132.4,21
69.9,132.4,24
72.2,157.2,25
68.4,152.9,25
67.2,163.2,18
68,154.7,22
72.8,141.4,23
72.9,136.9,22
67.2,133.6,19
70.1,155.1,21
73.2,141,19
70.7,176.6,19
68.6,120,23
66.7,147.7,22
66.4,124.6,18
68,145.4,24
70.9,174.1,21
69.5,139.9,21
71.3,174.3,24
70.3,171.7,25
67.3,146.4,20
73.4,143.8,21
72.9,131.3,22
69.9,157.6,24
70.8,179.1,23
73.4,138.5,19
66.9,175.6,20
68.6,129,21
72.3,169.6,21
72.9,122.1,21
72.5,150.8,22
68.7,128.9,21
70.4,178.3,21
68.2,153.6,18
70.6,124.3,18
66.1,122.6,24
68.7,158,23
70.3,165.6,23
73.9,164.3,19
69.7,146.9,21
73.2,120.2,25
71.1,161.1,21
70.1,127.3,25
66.1,149.6,23
67.4,167.6,19
73.7,123.2,25
69.7,165.1,22
73,177.8,18
68.4,132.8,24
72.3,139.4,24
69.4,166.9,22
70.4,172.9,21
72.4,176.2,19
69.1,143.9,24
66.8,144.2,21
66.1,143.7,20
68.7,146.9,25
66.1,179.5,23
68.3,128.4,19
71.9,162,25
71.4,147.9,23
72.4,145.4,23
71,149.9,20
68.9,146.6,18
72.8,153.8,24
73.5,177.3,25
71.1,177.1,19
73.1,122.2,22
72.7,145.7,18
66.4,133.5,25
69.9,132.6,20
66.7,164.5,25
67.7,124.7,21
72.2,121.1,18
71.3,165.6,19
66.4,131,19
67,148.8,21
72.7,140,20
69.8,168.1,18
69.6,129,18
73.8,154.9,25
71.1,159,18
72.4,131.2,23
73,132.1,22
69.8,153,23
72.3,167.5,23
69.4,134,18
69.1,125.4,24
71,127.5,25
68,146.5,19
69.9,136.2,18
68.6,167.8,22
71.6,157.2,22
73.8,170,22
66.5,120.9,20
71.6,124,19
67.6,153.2,19
67,128.9,23
66.6,175.4,20
70.5,171.6,18
68.4,170.1,23
66.9,166.4,25
73.6,127.7,23
70.1,145.3,20
73.5,141.8,25
66.7,166.9,23
66.7,124.1,22
71.2,126.8,21
73.4,122.4,23
67.7,121.2,19
67.9,130.3,22
65.6,139.8,19
64.8,112.8,21
66.8,131.3,22
64,113.1,21
64.5,130.8,23
66.1,132.8,18
64.9,127.8,23
65.7,125.5,19
67.8,113.8,23
64.5,130.8,20
64.6,124,22
66.9,116,18
66.6,137.2,22
67.5,118.9,25
67.9,114.8,25
66.5,125.2,24
64.3,124.3,25
64.3,122.5,19
66.2,121.8,20
66.8,112,21
66.9,137.2,24
67.9,136.3,18
66.7,132.1,19
66.6,121.2,24
65.9,112.4,24
67.2,129.1,25
64.1,123.7,22
66.3,115.8,21
67.7,113,22
66,132.8,21
66.6,132.3,22
64.7,127.6,22
66.2,110.3,24
65.7,135,18
65.8,132.8,20
66.7,134.4,18
67.7,115.5,18
64.9,126.1,21
66.9,114.8,24
64.1,119.4,21
67.8,111.3,23
67.5,140,25
67,134.2,23
67.7,121.8,21
66.2,120.6,22
67.6,133.2,24
64.7,135.3,20
64.3,110.2,18
65.7,134.5,20
66.7,127.1,25
66.7,124.1,21
64.3,110.2,21
65.3,134.7,25
64.5,136.1,22
67.1,137.2,24
64.2,137.7,18
67.7,117.5,20
65.1,133.3,22
67.7,125.8,21
64.1,118.6,24
67.4,119.9,22
66,139,25
65.6,130.1,22
66.2,137.4,24
67.5,112.3,23
66.9,129.2,18
68,131.8,23
66.5,114.4,23
65.8,139.2,21
65.2,134.5,19
65.5,110.4,18
66.8,125,22
66.1,132.9,24
64.3,134,19
65.6,138.3,21
67.2,134,20
67.3,128.1,25
65.6,124.1,20
67.3,114.4,20
64,121.2,20
64.3,130.3,21
66.2,133.3,23
65.4,130.4,24
64.9,120.3,23
65.8,126.2,19
65.3,139,24
67.9,132.6,19
64,123.5,24
67.2,120,22
65.1,114.6,18
66.9,132.7,23
64.6,139.4,24
67.6,118.4,20
67,121.2,20
64.3,139,25
67.2,114.5,23
67.9,139.8,25
65.2,116.1,21
65.4,135.4,25
64.3,112.7,22
65.6,128.9,23
67,121.9,20
64.4,134.1,22
65.7,128,18
65.1,114.7,25
64.5,129.9,23
66.1,129.5,24
65.7,130.4,20
65,120.3,20
65.3,136.1,24
67.7,124.1,18
65.8,117.8,19
67.8,125.7,23
65.9,117.2,21
65.6,129.3,20
66.6,114.1,19
65.9,123.4,20
67.5,122.5,19
64.1,115.9,19
65.7,129.8,22
65.9,128.7,19
65.9,132.3,18
66.6,132.8,21
65.9,133.7,23
66.6,118.1,25
67.8,120.5,24
67,139.4,19
65.3,115.4,24
67,115.8,23
67.4,125.4,24
65.5,119.4,20
66.5,113.2,19
67.1,130.5,19
66.8,120.7,24
67.4,138.1,24
64.6,128.8,18
65.4,114.2,20
64.8,122.6,25
65.3,136.8,24
64.2,138.6,19
66.6,118.9,23
65.6,120.4,25
67.3,137.7,20
65.1,131.6,23
65.4,134.4,21
67.6,117.5,18
67.6,134.7,23
64.9,119.8,21
65.7,119.4,20
64.2,139.3,23
66.8,110.9,21
67.4,129.9,21
64.8,116.6,20
66.2,113,21
67.8,132,22
66.1,119.3,24
66.6,124.5,24
65.5,121,20
65.2,118.6,22
66,118,23
66.2,119.3,21
66.2,118.6,25
65.1,129.2,20
66.7,125.7,21
65.5,117.6,19
65.5,111.3,19
64.6,130.2,21
65.2,136.9,18
66,131.1,19
66.3,137.5,25
66.8,133.8,20
67.5,136,22
64.6,138.3,22
67.3,125.6,19
65.4,126.3,23
64.5,119.3,23
67,111.4,24
65.6,128.1,23
64.1,136.9,22
65,120.2,21
67.2,127.4,21
64.3,139.6,24
64.9,124.3,20
66.3,120.4,21
67.8,119.9,19
65.4,132.5,19
64,113.6,23
65,123.8,19
66.9,120.4,21
66.3,129.4,24
65.2,112.2,23
66.2,139.6,23
64.1,119.5,25
65.3,114.2,24
64.3,129.9,25
64.4,121.5,24
65.9,138.3,24
67.9,111,22
66.5,133.7,25
65.7,126.2,21
66.5,110.3,25
67.1,119.6,25
68,125,21
66.5,125.9,23
65.1,121.5,21
64.4,125.2,21
65.6,125.1,25
64.1,125.2,24
66.7,140,23
67.4,133.5,23
64.9,138.1,21
65.9,126.9,24
65.9,132.1,20
65,130.4,19
66.4,138.3,19
67.8,118.8,20
64.3,126,19
65.5,110.6,19
65,139.6,22
65.1,138,21
67.4,130.7,19
67.6,130.2,19
64.3,135.3,23
65.5,112.6,19
65.2,129.1,19
66,127.8,25
65.8,117.5,23
64.3,114.3,25
64.7,135.3,25
64.1,121.4,25
66.3,138.8,18
68,121,21
67.4,129.8,20
66.8,125.7,24
65.3,127.7,23
64.5,130.7,20
64.5,113.8,18
67.2,126.2,25
66.1,118.8,25
64.7,131.6,25
65,119.4,24
67.9,128.4,20
64.7,118.2,24
67.5,121.4,22
67.7,128.9,23
66.6,118.2,25
67.7,124.3,22
66.9,123.9,22
65.5,117.1,22
65.1,115.5,21
66.1,137.5,20
66.6,120.2,21
65.6,118.5,23
67.5,133.4,18
66,114.5,25
67.5,129.5,25
64.6,127.4,19
64.7,139.3,24
65.6,133.5,19
67.4,131.7,22
66.4,126.9,25
65.5,133.8,25
64.3,140,19
67.7,128.4,19
66,121.2,21
66.3,113.4,19
67,110.4,20
64.5,115.7,18
67.9,130.4,21
67.2,117.2,19
64,132.6,18
66.6,137.5,22
67.8,121.5,20
67.5,132.7,21
66.5,124.8,19
65,126.1,23
65.8,134.4,20
64.1,125.5,23
66.1,139.7,18
67.6,110.1,22
67.5,128.3,22
64.6,117.6,24
67.1,132,23
65.1,110.4,25
65.4,134.1,21
66.7,129.2,19
66.2,115.7,19
65.8,126.5,21
64.3,112.9,21
64.9,135.3,19
67,128.5,19
64.3,113.6,19
66.5,120.1,23
66.8,123,23
68,130.3,20
67.5,130.2,21
66.9,111,22
66.7,114.8,20
66.6,113.1,21
67.5,116.5,19
64,114.5,18
63.4,114.6,25
65.1,110.8,18
66,109.1,22
65.4,103.8,23
63.3,116.1,18
63.9,107.4,25
65.9,100.9,20
64.2,110.3,21
65.9,109.4,19
65.3,110.3,19
64.3,116.4,22
63.7,112.3,21
63.3,110.6,21
63.1,102.9,22
65.8,119,22
64.2,120,22
65.7,114.3,23
63.5,104.7,24
63.5,118.3,18
63,114,21
65.3,101.9,25
63.6,113.9,19
64.8,101.6,23
63.3,109.4,18
63.9,106,22
65.2,107,21
63.9,118.1,18
64,118.8,18
63.8,104.2,21
74.2,207.2,25
75,198.4,21
75.4,208.7,19
76.1,183.3,24
77.6,203.2,23
76,215.8,22
74.6,187.4,22
74.3,216.6,23
76.2,219.3,20
74.6,189.2,18
75.7,190.3,19
75.6,193.2,18
75.5,205.1,25
76.3,190.3,25
77.6,217.2,22
76.2,205.5,20
74.1,181.1,24
76.9,197,23
76.8,201.9,23
76.8,182.5,19
76,204.2,18
77,212.8,23
74.6,190.3,21
74.5,187.7,22
74.6,183.5,22
75.4,203.4,24
74,210.5,19
74.3,216.4,19
77.4,201.3,24
74.9,196.3,23
63.3,104.6,23
63.3,106.4,20
63.9,84.44,19
60.5,97.48,21
61.8,105.5,24
63.5,104.9,25
62.4,105.3,18
63.5,83.37,20
60.9,107.8,19
63.5,86.4,18
62.7,97.85,20
59.8,99.27,22
61.8,92.4,23
62.9,99.19,24
63.3,94.41,25
61.9,108.4,23
61.3,82.25,18
60.5,82.6,18
63.7,99.24,23
62.3,91.89,23
62.2,89.76,19
62.2,81.95,23
64,105.3,24
62.1,83.14,19
61.8,81.2,19
62.3,104.9,18
60.8,108.3,25
60.3,110,24
63.7,99.84,20
60.2,86.28,20
70.6,128.5,24
69.2,141.7,19
71.2,153.1,21
70.6,113.3,21
70.9,129,22
69.9,120.8,24
71.4,129.7,23
71,132.3,24
69.8,159.4,21
69.2,140.5,20
69.9,141.9,25
71.3,123.4,21
71,157.2,25
68.9,138.9,22
69.7,120.5,18
71.1,123,23
68.5,160,20
70.1,157.9,18
71.4,136.6,21
68.9,145.9,18
68.8,112.1,23
69.5,119.7,23
70.9,131,21
68.9,138.6,19
70.2,119.9,21
71.9,157,25
71.7,150.6,24
68.9,138.9,19
71.6,150.2,24
69.8,141.5,18
73.6,184.5,22
62.9,169.7,22
64.6,180.2,21
72.1,171.3,19
71.9,114.3,25
65.8,183.1,19
74.1,104.8,20
73.8,129.7,20
70.6,176,25
68.6,131,21
71,114.4,23
69.4,117.1,24
68.1,100.5,25
76.1,120.1,21
72.9,161.7,25
72.5,123.5,24
76.4,128,22
64,145.8,18
68.8,181.2,23
74.6,188.5,18
66.8,136.7,21
72.1,195.1,18
62.4,203.5,23
70.4,137.8,19
74.6,216.3,25
73.2,113.1,20
75.8,205.9,20
69.3,161,24
76.1,104.4,22
68.1,114.4,22
72.5,149.7,22
68.1,184.2,19
66.1,189.5,25
69.7,145.2,25
77.5,166.2,21
63.7,147.6,18
66.4,169,23
71.9,213.1,22
70.1,152.3,25
77.4,172.4,25
76.2,106.2,25
67.7,145.5,22
64.1,168.9,22
71.8,216.3,23
63.6,147,20
73.8,216.2,23
66,140.6,25
72.2,107.8,18
65.5,208.5,18
72.4,161.9,18
72.4,100.4,23
64.6,180,19
69.4,194.1,23
70.6,142.8,25
68.7,210.4,20
66.5,161.7,20
73.8,111.8,22
65.8,173.7,21
77.2,138.6,23
68,211.2,25
77.3,110.8,20
70.5,167,19
64.1,165.9,18
74.9,156.2,18
75.9,124.1,20
64,180.6,24
70.4,184.8,25
64.6,151.9,24
69.7,217.2,19
75.2,195.9,24
66.9,145.9,23
63.3,180.5,25
76,100.7,21
70.3,101.2,24
76.4,201.5,25
70,212.6,19
77.5,117.8,20
74.7,115.4,20
73.2,129.1,20
64.1,115.8,24
65,194.5,20
63,114.9,19
63,120.2,19
65.2,123.9,18
64.8,130.3,21
69.1,129.8,18
77.4,133.9,20
76.3,199.9,18
62.8,191.9,21
64,158.3,25
63.9,148.2,25
69.1,137.3,25
67,182,25
62.5,205,19
65.4,191.3,24
74.7,116.8,19
68.3,143.6,18
73.1,192.3,24
70.6,108.8,18
68.9,125.4,18
